0               0               0
1.4597132206   1.16093206406   0.65740865469
1.29787182808   1.04772484303  0.928085684776
1.12908577919  0.961315453053   1.21110498905
0.973888337612  0.644381165504   1.27195727825
0.9205468297  0.556723475456   1.40778207779
0.723492264748  0.348706483841   1.37667107582
0.691762089729  0.365012824535   1.22148776054
0.666910290718  0.371034115553   1.07003593445
0.637226521969  0.379798710346  0.926120519638
0.609412074089  0.385884165764  0.776025593281
0.57850086689  0.396517753601  0.638492405415
0.550270020962  0.412854671478  0.480966299772
0.517957568169  0.436590671539  0.332000344992
0.487565100193  0.453180551529  0.192123547196
0.451671302319   0.48326420784 0.0408406630158
0.452170789242  0.535758435726 -0.113381303847
0.437744528055  0.579606711864 -0.349529385567
0.429473459721  0.565416753292 -0.508270025253
0.438897311687  0.809846878052 -0.537928164005
0.514160394669   1.07758355141 -0.409733682871
0.600441098213   1.23880016804 -0.188985690475
0.672169208527   1.45523226261 -0.0216159187257
0.569448530674   1.42331635952  0.120990030468
0.508947193623   1.40604960918  0.244618609548
0.441308319569   1.36398458481  0.374702870846
0.356776356697   1.33912444115  0.523561179638
0.319960743189   1.31732153893  0.648406803608
0.299134492874   1.26453351974  0.817065834999
0.28229367733   1.14901602268  0.899091362953
0.515660107136   1.16105639935    1.0355809927
0.786035597324   1.25357532501  0.984461784363
1.0324126482   1.40981066227  0.815471172333
1.280210495   1.59822046757  0.687580645084
1.5678422451   1.73908054829  0.579309999943
1.86794114113   1.75012040138  0.637467265129
2.05823755264   1.62604761124  0.602412998676
2.17926883698   1.44290089607  0.816704392433
2.10840249062   1.28412163258   1.02240657806
1.93953442574   1.28453278542   1.29542899132
1.79159617424   1.19781112671   1.55690050125
1.59493625164   1.22928798199   1.75351274014
1.50624263287   1.09465146065    1.7147064209
1.39063537121   1.01561963558   1.61042630672
1.43112623692  0.788695931435   1.45524346828
0               0               0