0               0               0
0.487827479839   0.33522734046 -0.806006789207
0.464779764414  0.384385198355 -0.797638952732
0.302228480577  0.558352708817 -0.772593200207
0.876405954361  0.370429575443 -0.307724922895
0.870299339294  0.228192269802  0.436471402645
0.43875181675  0.717263877392 -0.541321873665
-0.202564150095 0.0894155651331 -0.975178301334
-0.206333488226 0.0727555677295 -0.975773155689
-0.214125722647 0.0552020817995 -0.975245058537
-0.185578599572 0.0488831214607 -0.981412768364
-0.160810917616 0.0970722064376 -0.982199966908
-0.174449801445  0.142704352736 -0.974270403385
-0.180308192968   0.16673143208  -0.96937584877
-0.199746221304  0.203216210008 -0.958542943001
-0.228298574686  0.216634824872 -0.949183404446
-0.115822352469 0.0743322521448 -0.990484714508
0.218724310398 -0.0170788895339 -0.975637257099
0.410612881184 -0.687960505486 -0.598420798779
-0.52805274725 -0.167732313275 -0.832481980324
-0.40157559514  0.394979804754 -0.826273500919
-0.223771318793 -0.552637279034 -0.802819132805
-0.734845280647 -0.676130533218 0.0533845238388
-0.442060828209 -0.104921877384  0.890827417374
-0.379220724106 -0.170977860689  0.909372389317
-0.34805688262 -0.205007687211  0.914783298969
-0.298013180494 -0.295034646988  0.907823085785
-0.362061977386 -0.383218944073  0.849737882614
-0.492867320776 -0.238735094666  0.836712241173
-0.932903766632 -0.113215260208  0.341866880655
-0.0138728488237  0.806449949741 -0.591139554977
0.139334708452  -0.18909676373  0.972022712231
-0.878109037876 -0.367042511702  0.306927353144
-0.937772870064  0.236897826195  0.253892600536
-0.8473995924  0.506354391575  0.159747138619
-0.515025138855 -0.666768431664 -0.538673341274
0.421162307262  0.102129526436 -0.901216864586
-0.983287870884  -0.01278233435 -0.181608438492
0.276001721621 -0.914492428303 -0.295849174261
0.534498155117  0.127252846956 -0.835534751415
0.616070270538  0.164425939322 -0.770338594913
0.123570643365 -0.573611557484 -0.809753119946
-0.548290967941 -0.815263211727 -0.186340644956
-0.172556906939 -0.898644626141 -0.403313934803
0.206767573953 -0.788154006004   -0.5797072649
0               0               0